5335
0 0
1 0
2 0
3 0
4 0
5 0
6 0
7 0
8 0
9 0
10 0
11 0
12 0
13 0
14 0
15 0
16 0
17 0
18 0
19 0
20 0
21 0
22 0
23 0
24 0
25 0
26 0
27 0
28 0
29 0
30 0
31 0
32 0
33 0
34 0
35 0
36 0
37 0
38 0
39 0
40 0
41 0
42 0
43 0
44 0
45 0
46 0
47 0
48 0
49 1
50 0
51 0
52 0
53 0
54 0
55 0
56 0
57 0
58 0
59 0
60 0
61 0
62 0
63 0
64 0
65 59
66 42
67 58
68 39
69 26
70 42
71 36
72 63
73 22
74 5
75 6
76 33
77 44
78 25
79 27
80 64
81 5
82 39
83 86
84 70
85 16
86 13
87 49
88 0
89 12
90 0
91 0
92 0
93 0
94 0
95 0
96 0
97 251
98 284
99 379
100 262
101 152
102 240
103 150
104 197
105 123
106 35
107 48
108 169
109 209
110 81
111 131
112 333
113 27
114 192
115 521
116 257
117 97
118 52
119 235
120 0
121 27
122 1
123 0
124 0
125 0
126 0
127 0
